k值为：1：
 误差为：19322.311687445617
 聚类标签: [0 0 0 ... 0 0 0]
 簇中心：[[3.76753372 0.94446351 6.58567152]]
50
 **********-------------------------------********** 
k值为：2：
 误差为：9863.947032705604
 聚类标签: [0 0 0 ... 1 0 0]
 簇中心：[[2.54967781 1.73859776 7.63072594]
 [4.59578895 0.40437841 5.87493738]]
50
 **********-------------------------------********** 
k值为：3：
 误差为：7527.602298086407
 聚类标签: [2 0 2 ... 2 0 2]
 簇中心：[[1.81710317 2.16221756 8.12413694]
 [4.95696479 0.22990722 5.57378108]
 [3.54117251 1.0583774  6.83619859]]
50
 **********-------------------------------********** 
k值为：4：
 误差为：5877.673172210271
 聚类标签: [0 3 0 ... 2 3 0]
 簇中心：[[3.98715144 1.32767879 7.29950161]
 [5.11379412 0.22353989 5.58340698]
 [2.83887617 0.54084159 5.91168699]
 [1.73666978 2.24127269 8.21803457]]
50
 **********-------------------------------********** 
k值为：5：
 误差为：5020.366272407349
 聚类标签: [2 1 4 ... 3 1 2]
 簇中心：[[5.19049084 0.1144981  5.2972537 ]
 [1.30208335 2.34508518 8.30670043]
 [3.32867016 1.71589917 7.69835176]
 [2.84845974 0.53333796 5.90090117]
 [4.6416699  0.80420562 6.72407738]]
50
 **********-------------------------------********** 
k值为：6：
 误差为：4275.736441283269
 聚类标签: [2 1 2 ... 3 1 4]
 簇中心：[[5.38471453 0.11707848 5.31162271]
 [1.50409932 2.73269826 8.86327949]
 [4.7182948  0.84885975 6.79447235]
 [3.4840586  0.31956429 5.65364683]
 [3.36402498 1.67495645 7.62610668]
 [1.5142675  1.24984306 6.82937078]]
50
 **********-------------------------------********** 
k值为：7：
 误差为：3842.5401658978235
 聚类标签: [2 5 6 ... 3 5 4]
 簇中心：[[5.42280558 0.12013371 5.33003442]
 [1.24740974 1.345415   6.96105999]
 [3.30081344 1.94157276 8.05609035]
 [3.60966134 0.18483532 5.43977976]
 [3.1226422  1.11858136 6.72181667]
 [1.27147506 2.90897392 9.05831247]
 [4.74828198 0.85730995 6.82712713]]
50
 **********-------------------------------********** 
k值为：8：
 误差为：3481.0574002180556
 聚类标签: [0 5 0 ... 3 6 0]
 簇中心：[[4.18442003 1.54762611 7.67896605]
 [3.07492251 1.09718263 6.70264627]
 [5.42838126 0.09539011 5.225766  ]
 [3.55954099 0.17946355 5.41140518]
 [4.84018738 0.64465    6.53803946]
 [0.99632531 2.99762756 9.21195145]
 [2.67900851 2.13655255 8.14967197]
 [1.12733658 1.27460513 6.88178291]]
7
 **********-------------------------------********** 
k值为：9：
 误差为：3182.6378189213856
 聚类标签: [0 7 0 ... 3 7 0]
 簇中心：[[4.34251402 1.47628102 7.60372351]
 [5.44249163 0.09186846 5.19475292]
 [3.16593043 1.141441   6.79343522]
 [1.83557107 0.61171679 5.87276258]
 [2.84573025 2.12451359 8.16680229]
 [1.10834294 3.19353305 9.52041043]
 [3.7530106  0.17940985 5.46363186]
 [1.03003161 1.80683333 7.57287875]
 [4.92625413 0.60356472 6.50728889]]
7
 **********-------------------------------********** 
k值为：10：
 误差为：2928.7044200799533
 聚类标签: [2 1 2 ... 4 1 2]
 簇中心：[[5.36706987 0.06254699 4.73684766]
 [0.99616227 1.72381829 7.46314734]
 [4.18002129 1.60942055 7.83146542]
 [5.43991132 0.21333914 5.90536475]
 [1.95425542 0.57838913 5.82409166]
 [2.72814475 2.15301325 8.16838893]
 [3.13131968 1.18169124 6.82421255]
 [1.1008035  3.13666401 9.44893213]
 [3.76485507 0.17522067 5.50474062]
 [4.67198063 0.82795083 6.72310081]]
7
 **********-------------------------------********** 
k值为：11：
 误差为：2741.909035902848
 聚类标签: [2 1 2 ... 4 1 2]
 簇中心：[[5.42997721 0.0601225  4.7914568 ]
 [0.99263807 1.69386711 7.41310111]
 [4.07631459 1.64485286 7.88421344]
 [5.42665152 0.22631778 5.92489831]
 [2.14182149 0.55819443 5.8109084 ]
 [2.6889887  2.25365427 8.312114  ]
 [3.91608604 0.41208133 6.17465286]
 [1.04812709 3.12070437 9.40856412]
 [3.73060801 0.09475545 4.97148393]
 [4.80880679 0.97841306 6.86501897]
 [3.00545128 1.34033326 7.01049647]]
7
 **********-------------------------------********** 
k值为：12：
 误差为：2577.992253048809
 聚类标签: [0 3 0 ... 7 3 0]
 簇中心：[[4.13057333 1.60403648 7.78100692]
 [4.1568853  0.23108834 6.00371757]
 [2.7746588  2.39062139 8.54426431]
 [0.90294957 1.98247708 7.75543783]
 [5.48357882 0.19214696 5.84422319]
 [3.32626612 0.98827443 6.57685399]
 [5.34049464 0.06393109 4.70737551]
 [1.60890858 0.72851259 6.12514189]
 [2.68977338 1.6485368  7.41453036]
 [1.04976077 3.33669066 9.7771141 ]
 [4.88176847 0.90377088 6.80391997]
 [3.33081002 0.14710184 5.1113217 ]]
7
 **********-------------------------------********** 
k值为：13：
 误差为：2440.517212803293
 聚类标签: [10  0 10 ...  9  0 10]
 簇中心：[[0.89364371 2.06755821 7.85391813]
 [4.84268997 0.96100945 6.87414862]
 [3.94903099 0.10526233 4.86533248]
 [2.56487122 1.69167299 7.48258621]
 [5.46208452 0.05632463 4.79414944]
 [3.32580551 1.10189036 6.72071417]
 [1.04108621 3.34655617 9.81799179]
 [4.12311872 0.27766984 6.09147919]
 [2.76135975 2.43178849 8.60823275]
 [2.80704844 0.33036577 5.53649261]
 [4.0480413  1.66214054 7.86406496]
 [5.45549895 0.228696   5.91958431]
 [1.34327742 0.86715196 6.32281914]]
7
 **********-------------------------------********** 
k值为：14：
 误差为：2330.0926796686595
 聚类标签: [11  4 11 ...  2  4  3]
 簇中心：[[ 5.21686582  0.75718425  6.6810365 ]
 [ 1.9528538   1.74773279  7.5226282 ]
 [ 2.93720925  0.15005352  5.09642073]
 [ 3.255804    1.51019779  7.31124017]
 [ 0.73936831  2.40261484  8.23599807]
 [ 5.48210244  0.13945414  5.71793716]
 [ 2.89539577  2.34359129  8.5022013 ]
 [ 5.35345646  0.05132831  4.60198001]
 [ 4.17488009  0.86902269  6.65538169]
 [ 1.06629057  0.87049784  6.32519558]
 [ 2.89844431  0.85780021  6.36123031]
 [ 4.38473886  1.58219828  7.85792529]
 [ 4.09462372  0.15049975  5.63087298]
 [ 1.20149912  3.46415244 10.17099483]]
7
 **********-------------------------------********** 
k值为：15：
 误差为：2211.918635920082
 聚类标签: [2 1 2 ... 3 1 4]
 簇中心：[[ 5.46497534  0.14707371  5.7764541 ]
 [ 0.73521641  2.42627202  8.26525333]
 [ 4.43281284  1.5776853   7.92012075]
 [ 2.6018526   0.2505042   5.4186387 ]
 [ 3.26195559  1.66332965  7.50526219]
 [ 4.08902293  0.18656898  5.96204267]
 [ 0.99667249  0.9972919   6.51273225]
 [ 5.46150352  0.05661025  4.71862981]
 [ 1.13613076  3.50301441 10.19053014]
 [ 2.93285646  0.99678085  6.52888025]
 [ 2.84591849  2.4204698   8.66635752]
 [ 3.90933491  0.11037444  4.80146797]
 [ 4.15781552  0.99825919  6.75925035]
 [ 1.96113577  1.80834902  7.60098754]
 [ 5.21106594  0.78794172  6.67778142]]
7
 **********-------------------------------********** 
k值为：16：
 误差为：2117.0074237162817
 聚类标签: [15 12 15 ...  7  4 13]
 簇中心：[[ 3.02500795  1.07270959  6.6741833 ]
 [ 3.99262293  0.1174383   4.87379391]
 [ 2.84481009  2.50970827  8.73461872]
 [ 5.2402628   0.75840231  6.72119771]
 [ 2.02216552  1.83297328  7.65081218]
 [ 4.08471407  0.17403891  6.06703131]
 [ 5.44267222  0.16341757  5.76263154]
 [ 2.82094421  0.29190743  5.45058394]
 [ 0.59562783  1.66467627  7.38255579]
 [ 5.47960385  0.05026843  4.70505669]
 [ 1.19394436  3.61175479 10.52488815]
 [ 4.21456264  1.05611918  6.72080201]
 [ 0.87505301  2.76952977  8.67512361]
 [ 3.26786438  1.74157476  7.64891999]
 [ 1.41928309  0.74584379  6.15301142]
 [ 4.42154141  1.56254016  7.91588824]]
7
 **********-------------------------------********** 
k值为：17：
 误差为：2039.4680673660116
 聚类标签: [10  6 10 ... 13  6 16]
 簇中心：[[ 0.82649079  1.68771337  7.41875324]
 [ 4.19912553  1.0688135   6.70221274]
 [ 4.02861151  0.12883241  4.94460499]
 [ 2.29064185  1.87941062  7.72932539]
 [ 5.47777885  0.1349491   5.71263278]
 [ 2.96141003  1.27622966  6.92621749]
 [ 0.87845232  2.75847244  8.66102676]
 [ 4.21632299  0.13489852  6.07613248]
 [ 2.89455768  2.48229937  8.75310213]
 [ 3.20929662  0.62079681  6.13627262]
 [ 4.70067703  1.30454541  7.83392464]
 [ 5.25311699  0.73279486  6.6052852 ]
 [ 1.42396505  0.76319045  6.16197789]
 [ 2.73582366  0.16500592  5.17998313]
 [ 5.47452846  0.05290566  4.63763777]
 [ 1.19394436  3.61175479 10.52488815]
 [ 3.6522637   1.78253112  7.77250943]]
7
 **********-------------------------------********** 
k值为：18：
 误差为：1955.1037113311336
 聚类标签: [15  8 15 ... 14  4 13]
 簇中心：[[ 4.24934794  1.07093305  6.75328714]
 [ 3.8826011   0.10826601  4.7973284 ]
 [ 2.9355484   2.51293735  8.79805469]
 [ 5.15768378  0.44512194  7.18202598]
 [ 2.05523974  2.00962104  7.87711798]
 [ 4.13822486  0.15601249  5.99854405]
 [ 5.50748508  0.03069883  5.78346155]
 [ 2.94106897  0.37724927  5.68930813]
 [ 0.65345689  1.67901578  7.41809261]
 [ 5.4536679   0.06022693  4.72057706]
 [ 1.34899227  3.65306922 10.74316177]
 [ 5.17919031  0.91759352  6.14796197]
 [ 0.82986249  2.8875827   8.83741581]
 [ 3.24557137  1.77987056  7.69181762]
 [ 1.28005692  0.4403656   5.58618099]
 [ 4.41667678  1.61417408  7.8851233 ]
 [ 2.0295609   1.17466427  6.76238232]
 [ 3.22858791  1.11983198  6.76374937]]
7
 **********-------------------------------********** 
k值为：19：
 误差为：1873.7278447244828
 聚类标签: [ 0  5  0 ... 17  1  4]
 簇中心：[[ 4.45060161  1.65440157  7.94938183]
 [ 2.073386    1.92495455  7.77270403]
 [ 5.50148989  0.06628457  4.96927868]
 [ 4.17300119  0.11440293  6.1063411 ]
 [ 4.11593141  1.09543449  6.79923059]
 [ 0.84106505  2.74343787  8.63749597]
 [ 2.88132351  2.52611239  8.76479094]
 [ 1.39612617  0.72021651  6.05724345]
 [ 5.13920896  0.91109854  6.15292798]
 [ 3.33677105  1.75357408  7.72691197]
 [ 3.19680905  0.63396577  6.13354693]
 [ 5.14849733  0.05209924  3.67763738]
 [ 0.73675614  1.61526773  7.33035021]
 [ 5.50400948  0.02112083  5.89115862]
 [ 1.19577489  3.60243996 10.48456151]
 [ 5.13834917  0.57553379  7.20209799]
 [ 4.09206537  0.14798902  5.05647098]
 [ 2.83134573  0.12760551  5.13278583]
 [ 2.81997009  1.25923291  6.87634677]]
7
 **********-------------------------------********** 
k值为：20：
 误差为：1807.2616681187058
 聚类标签: [ 2  1  2 ...  3 10 17]
 簇中心：[[5.19837214e+00 8.83351807e-01 6.04081849e+00]
 [8.21519344e-01 2.79945792e+00 8.71994356e+00]
 [4.41626726e+00 1.60810251e+00 7.87087308e+00]
 [2.81990103e+00 1.43789527e-01 5.15252432e+00]
 [3.26597734e+00 1.90102732e+00 7.84703587e+00]
 [4.12697426e+00 8.32676808e-02 6.11516845e+00]
 [1.25302617e+00 6.72511706e-01 6.04330463e+00]
 [5.49904601e+00 5.51367075e-02 4.94212971e+00]
 [1.21782325e+00 3.61734579e+00 1.05402666e+01]
 [3.11332952e+00 7.10893766e-01 6.17173255e+00]
 [2.06824194e+00 2.09625181e+00 7.96281685e+00]
 [4.08404103e+00 1.53986943e-01 5.06091869e+00]
 [4.23972145e+00 1.04546147e+00 6.66657518e+00]
 [2.26823170e+00 1.34205760e+00 6.97205242e+00]
 [5.15780508e+00 6.13074213e-01 7.14309773e+00]
 [2.96835147e+00 2.52830381e+00 8.88282632e+00]
 [7.13449576e-01 1.67884242e+00 7.41486199e+00]
 [3.31098945e+00 1.28972596e+00 7.05242481e+00]
 [5.13786117e+00 5.47940316e-02 3.64594339e+00]
 [5.49764524e+00 1.90949637e-03 5.87941071e+00]]
7
 **********-------------------------------********** 
k值为：21：
 误差为：1747.941200047104
 聚类标签: [ 0  4  5 ... 13  1 20]
 簇中心：[[ 4.43833154  1.66035596  8.11482495]
 [ 2.06747893  1.98193278  7.85019708]
 [ 4.13985784  0.13347874  5.80900108]
 [ 3.35657524  0.82789937  6.25353886]
 [ 0.82206752  2.75577737  8.65331462]
 [ 4.35528253  1.36128872  6.97843862]
 [ 5.21923245  0.04965709  3.73699102]
 [ 3.30509632  1.90517342  7.83760637]
 [ 3.88817231  0.10519568  4.79451788]
 [ 1.14719808  0.51268244  5.77111913]
 [ 5.34278547  0.54394873  7.1355573 ]
 [ 0.69089797  1.62220832  7.35016419]
 [ 4.23369725  0.42204962  6.80035563]
 [ 2.79127669  0.22764     5.44643166]
 [ 5.1350714   0.9078341   6.09961112]
 [ 2.86478367  2.54085132  8.84095738]
 [ 5.47834693  0.06757702  4.96681743]
 [ 5.50956186  0.02083229  5.87224976]
 [ 1.19577489  3.60243996 10.48456151]
 [ 2.11136688  1.17245612  6.71613306]
 [ 3.17061994  1.32033869  7.07450099]]
7
 **********-------------------------------********** 
k值为：22：
 误差为：1698.2069498916924
 聚类标签: [ 5 18 21 ... 17 18  3]
 簇中心：[[ 5.18143393e+00  4.28149016e-01  7.19197866e+00]
 [ 2.33411498e+00  1.86639154e+00  7.73612652e+00]
 [ 4.09630482e+00  1.64338776e-01  5.07552257e+00]
 [ 3.21611842e+00  1.29180680e+00  7.02933877e+00]
 [ 5.17286291e+00  4.74336393e-02  3.73498450e+00]
 [ 4.61002332e+00  1.77773350e+00  8.51153842e+00]
 [ 2.78345945e+00  2.53780663e+00  8.71012190e+00]
 [ 4.12866599e+00  9.21528132e-01  6.45163513e+00]
 [ 3.52062675e+00  1.84479768e+00  7.87567046e+00]
 [ 5.77413502e-01  3.42113056e+00  9.53455790e+00]
 [ 5.49378172e+00  7.89911317e-03  5.89013707e+00]
 [ 1.15586242e+00  5.21346780e-01  5.79646613e+00]
 [ 3.13007491e+00  6.45678961e-01  6.12652985e+00]
 [ 7.06024975e-01  1.57979377e+00  7.28665888e+00]
 [ 2.09936729e+00  1.15743319e+00  6.69753329e+00]
 [ 5.50361564e+00  6.70169926e-02  4.98264285e+00]
 [ 5.20110568e+00  9.01743584e-01  6.13980687e+00]
 [ 2.85136811e+00  1.39232581e-01  5.14390083e+00]
 [ 1.00474195e+00  2.47944550e+00  8.31027661e+00]
 [ 4.15078339e+00 -4.32986980e-15  6.14484135e+00]
 [ 1.85277437e+00  3.41063631e+00  1.08469272e+01]
 [ 4.44135460e+00  1.38273468e+00  7.31018678e+00]]
7
 **********-------------------------------********** 
k值为：23：
 误差为：1656.2688014672865
 聚类标签: [ 0  4  5 ... 13  1  5]
 簇中心：[[ 4.43210065e+00  1.68553888e+00  8.37918834e+00]
 [ 2.05955734e+00  2.02615347e+00  7.89568749e+00]
 [ 4.38885331e+00 -2.10942375e-15  6.22452104e+00]
 [ 3.29284285e+00  1.01191332e+00  6.62642672e+00]
 [ 8.05850913e-01  2.77968434e+00  8.69064150e+00]
 [ 4.38875748e+00  1.39115606e+00  7.30595399e+00]
 [ 5.18510070e+00  5.38653192e-02  3.67553810e+00]
 [ 3.30296371e+00  2.09136626e+00  8.09691616e+00]
 [ 4.20076956e+00  1.47920521e-01  5.11209597e+00]
 [ 1.08176962e+00  5.11884891e-01  5.76832510e+00]
 [ 5.21644111e+00  4.40420956e-01  7.19767890e+00]
 [ 6.66603678e-01  1.64029190e+00  7.37166179e+00]
 [ 3.58255002e+00  1.65912889e-01  5.95930658e+00]
 [ 2.64788985e+00  5.50022409e-01  5.77952977e+00]
 [ 5.26988059e+00  8.88740116e-01  6.10629446e+00]
 [ 2.69655183e+00  2.69615874e+00  9.04176302e+00]
 [ 5.50586261e+00  6.24638448e-02  4.94373543e+00]
 [ 5.53557819e+00  2.03268968e-03  5.85688005e+00]
 [ 1.06129909e+00  3.65497416e+00  1.06101980e+01]
 [ 2.06564739e+00  1.20314168e+00  6.80451663e+00]
 [ 3.17600907e+00  1.54254594e+00  7.33233148e+00]
 [ 3.05232862e+00  9.19665600e-02  4.80742797e+00]
 [ 4.28306452e+00  9.24599285e-01  6.42462637e+00]]
7
 **********-------------------------------********** 
k值为：24：
 误差为：1606.817735446901
 聚类标签: [13  3  0 ...  7  3 20]
 簇中心：[[ 4.32831933e+00  1.45465229e+00  7.18808099e+00]
 [ 5.51097143e+00  3.33066907e-16  5.87540559e+00]
 [ 3.25873591e+00  1.03959509e+00  6.61323589e+00]
 [ 8.94541284e-01  1.88117960e+00  7.64426718e+00]
 [ 2.28054445e+00  2.04438571e+00  7.94846235e+00]
 [ 3.13331319e+00  4.47046084e-01  5.87358216e+00]
 [ 8.10809911e-01  2.92227652e+00  8.87599974e+00]
 [ 1.88140885e+00  3.89393787e-01  5.53177113e+00]
 [ 5.29995194e+00  7.11207365e-01  6.88024363e+00]
 [ 2.12243819e+00  1.22771569e+00  6.84177610e+00]
 [ 5.51709748e+00  4.11363312e-02  4.93030721e+00]
 [ 6.83259179e-01  9.56016486e-01  6.45939578e+00]
 [ 4.20014191e+00  1.24182986e-01  5.10115982e+00]
 [ 4.57002873e+00  1.56491971e+00  8.20787967e+00]
 [ 1.08732088e+00  3.71270867e+00  1.10574744e+01]
 [ 3.15009751e+00  7.59385359e-02  4.80345164e+00]
 [ 4.18059490e+00  3.37206736e-01  7.26112209e+00]
 [ 3.43387174e+00  2.09999198e+00  8.14160335e+00]
 [ 5.17857453e+00  2.52053520e-02  3.63157824e+00]
 [ 4.27505401e+00  9.04439060e-01  6.32147151e+00]
 [ 3.19404318e+00  1.54077257e+00  7.32659416e+00]
 [ 5.26373438e+00  8.64432043e-01  5.83431595e+00]
 [ 2.67468706e+00  2.73266212e+00  9.10783417e+00]
 [ 4.19438276e+00 -3.66373598e-15  6.06122994e+00]]
7
 **********-------------------------------********** 
k值为：25：
 误差为：1583.7868180043251
 聚类标签: [ 5 18 24 ... 17  6 24]
 簇中心：[[ 4.11623429e+00 -3.55271368e-15  6.24826465e+00]
 [ 2.44459662e+00  1.84200447e+00  7.70011516e+00]
 [ 3.18107519e+00  8.04945113e-02  5.08722073e+00]
 [ 3.25512094e+00  1.27100346e+00  7.01579713e+00]
 [ 5.50919698e+00  5.49027470e-02  4.82779659e+00]
 [ 4.64954601e+00  1.77231648e+00  8.52796923e+00]
 [ 1.55232572e+00  2.60857303e+00  8.52667682e+00]
 [ 4.19765638e+00  9.38059122e-01  6.46065220e+00]
 [ 3.50018525e+00  1.84514713e+00  7.91962149e+00]
 [ 5.09530933e-01  3.49280274e+00  9.51942163e+00]
 [ 5.46315220e+00  4.52052509e-02  6.53523344e+00]
 [ 8.41829439e-01  9.32797271e-01  6.40922255e+00]
 [ 3.18572931e+00  6.50079144e-01  6.09620395e+00]
 [ 1.26362923e+00  1.72888943e+00  7.47146234e+00]
 [ 2.30239125e+00  1.17779934e+00  6.67757127e+00]
 [ 5.52006418e+00  4.25243669e-03  5.67886490e+00]
 [ 5.23614745e+00  8.76614124e-01  6.03934713e+00]
 [ 1.97866048e+00  2.85344802e-01  5.42262628e+00]
 [ 2.63591181e-01  2.18499737e+00  8.01731272e+00]
 [ 4.23237400e+00  1.54129974e-01  5.23666533e+00]
 [ 1.80870658e+00  3.43121849e+00  1.08656495e+01]
 [ 5.05420764e+00  8.66495655e-01  7.21351604e+00]
 [ 4.75240582e+00  9.93501839e-02  3.61768449e+00]
 [ 2.90167416e+00  2.51185830e+00  8.72029607e+00]
 [ 4.25589958e+00  1.46570970e+00  7.37668612e+00]]
7
 **********-------------------------------********** 
k值为：26：
 误差为：1521.8464084836241
 聚类标签: [ 5 18 24 ... 17  6 24]
 簇中心：[[ 4.16369616e+00 -3.66373598e-15  6.03155465e+00]
 [ 2.43996157e+00  1.86729534e+00  7.74599013e+00]
 [ 3.19065418e+00  9.84351026e-02  5.12858933e+00]
 [ 3.22132940e+00  1.32721934e+00  6.99322045e+00]
 [ 5.52228033e+00  2.80059467e-02  4.81921000e+00]
 [ 4.69698896e+00  1.70996034e+00  8.48050089e+00]
 [ 1.41813468e+00  2.63959914e+00  8.54033683e+00]
 [ 4.19436878e+00  9.45615735e-01  6.37537984e+00]
 [ 3.53983186e+00  1.83769128e+00  7.88337106e+00]
 [ 5.05783663e-01  3.49335512e+00  9.54389202e+00]
 [ 5.41465754e+00  1.88737914e-15  6.61473571e+00]
 [ 7.61979837e-01  9.40562870e-01  6.40272398e+00]
 [ 3.20248182e+00  6.63185578e-01  6.14950850e+00]
 [ 1.27039348e+00  1.73458177e+00  7.47007841e+00]
 [ 2.21780204e+00  1.14517804e+00  6.67335457e+00]
 [ 5.53385827e+00 -6.66133815e-16  5.71440501e+00]
 [ 5.23473576e+00  8.13713997e-01  5.73519912e+00]
 [ 1.97273682e+00  2.89422825e-01  5.42708309e+00]
 [ 2.13276056e-01  2.11927898e+00  7.95571368e+00]
 [ 4.24280838e+00  1.33046977e-01  5.08135244e+00]
 [ 1.80870658e+00  3.43121849e+00  1.08656495e+01]
 [ 4.21675475e+00  3.49640613e-01  7.30421249e+00]
 [ 4.84078546e+00  6.16130827e-02  3.45089367e+00]
 [ 2.89893939e+00  2.51792562e+00  8.72929943e+00]
 [ 4.36904517e+00  1.45076263e+00  7.33571890e+00]
 [ 5.22647440e+00  9.46332741e-01  6.73820627e+00]]
7
 **********-------------------------------********** 
k值为：27：
 误差为：1486.3689601226815
 聚类标签: [25 24 13 ... 21 24 13]
 簇中心：[[ 2.50303149e-01  1.57959388e+00  7.33104360e+00]
 [ 4.22803127e+00  9.47173654e-01  6.39019596e+00]
 [ 5.50068329e+00  2.97389879e-02  4.86015308e+00]
 [ 4.16498128e+00  3.56112313e-01  7.30262314e+00]
 [ 3.10121735e+00  1.06759169e-01  4.63108977e+00]
 [ 3.81557719e-01  3.06627882e+00  9.04401405e+00]
 [ 4.12757748e+00 -3.77475828e-15  6.04333358e+00]
 [ 5.23827337e+00  8.15076334e-01  5.73776790e+00]
 [ 2.45739114e+00  1.94826273e+00  7.84411146e+00]
 [ 2.24155669e+00  9.72177826e-01  6.48249014e+00]
 [ 3.57778723e+00  1.85367611e+00  7.84206459e+00]
 [ 1.54735586e+00  1.46270761e+00  7.19244500e+00]
 [ 5.52341130e+00 -4.44089210e-16  5.73111038e+00]
 [ 4.36201165e+00  1.43702313e+00  7.32383441e+00]
 [ 3.14018188e+00  2.38189499e+00  8.81873083e+00]
 [ 3.28502662e+00  7.93470296e-01  6.20934074e+00]
 [ 1.27279700e+00  3.74982609e+00  1.11228356e+01]
 [ 2.02943240e+00  2.99748080e+00  9.04523496e+00]
 [ 5.14926669e+00  2.88811325e-02  3.54463990e+00]
 [ 4.14555324e+00  1.46958907e-01  5.11665536e+00]
 [ 3.15338728e+00  1.35500846e+00  7.00957741e+00]
 [ 2.82083650e+00  2.01422756e-01  5.59323209e+00]
 [ 1.07553366e+00  4.99490299e-01  5.71151833e+00]
 [ 5.23342421e+00  9.42963869e-01  6.74751207e+00]
 [ 1.21620378e+00  2.32022561e+00  8.12312811e+00]
 [ 4.73449576e+00  1.66688944e+00  8.46870005e+00]
 [ 5.39373058e+00  1.88737914e-15  6.67063852e+00]]
7
 **********-------------------------------********** 
k值为：28：
 误差为：1453.3885834543814
 聚类标签: [ 0  4  5 ... 13 24 20]
 簇中心：[[ 4.64430509e+00  1.71017609e+00  8.48353448e+00]
 [ 2.49427014e+00  1.68387294e+00  7.40427469e+00]
 [ 4.47836321e+00 -2.10942375e-15  6.01182509e+00]
 [ 3.23422617e+00  1.03736493e+00  6.58590031e+00]
 [ 6.12106305e-01  2.50773192e+00  8.41911866e+00]
 [ 4.45388555e+00  1.48900408e+00  7.37935828e+00]
 [ 5.12399877e+00  5.77827969e-02  3.61274576e+00]
 [ 3.48378294e+00  2.08738859e+00  8.10882760e+00]
 [ 3.98317381e+00  7.89004624e-01  5.76754158e+00]
 [ 1.13433269e+00  4.42224686e-01  5.60354681e+00]
 [ 5.36991536e+00  5.54411398e-01  7.01335162e+00]
 [ 3.15638276e-01  1.39298333e+00  7.12718500e+00]
 [ 3.58843158e+00  9.99200722e-16  6.03390256e+00]
 [ 2.66407770e+00  5.47179014e-01  5.77231075e+00]
 [ 5.27007704e+00  8.73448312e-01  5.99126644e+00]
 [ 2.39446492e+00  2.20409311e+00  8.24404514e+00]
 [ 5.50595237e+00  4.92175513e-02  4.91995146e+00]
 [ 5.56143938e+00 -8.88178420e-16  5.84738982e+00]
 [ 9.91572307e-01  3.19246140e+00  9.21457074e+00]
 [ 1.98313139e+00  1.04887193e+00  6.65918030e+00]
 [ 3.41701332e+00  1.47529402e+00  7.31650890e+00]
 [ 3.04195118e+00  9.07787632e-02  4.83108222e+00]
 [ 4.35479938e+00  9.75569109e-01  6.58509218e+00]
 [ 8.17313177e-01  3.83635002e+00  1.10930820e+01]
 [ 1.29983498e+00  1.88472061e+00  7.60404526e+00]
 [ 4.15088626e+00  3.12297081e-01  7.35355144e+00]
 [ 4.15440600e+00  5.23855027e-02  5.01079464e+00]
 [ 2.74228126e+00  2.80888600e+00  9.34572697e+00]]
7
 **********-------------------------------********** 
k值为：29：
 误差为：1422.360987012959
 聚类标签: [28  4  5 ... 13 24 20]
 簇中心：[[ 4.30142051e+00  1.88431300e+00  8.08789984e+00]
 [ 2.49053116e+00  1.68271569e+00  7.40930662e+00]
 [ 4.48806448e+00 -1.44328993e-15  5.85500585e+00]
 [ 3.20396559e+00  1.04672332e+00  6.62308410e+00]
 [ 6.37864306e-01  2.51923116e+00  8.42801526e+00]
 [ 4.56000666e+00  1.37683687e+00  7.26157951e+00]
 [ 5.12399877e+00  5.77827969e-02  3.61274576e+00]
 [ 3.23674358e+00  2.14129526e+00  8.19319843e+00]
 [ 3.92199962e+00  8.06942034e-01  5.80928903e+00]
 [ 1.13433269e+00  4.42224686e-01  5.60354681e+00]
 [ 5.36752340e+00  6.56922104e-01  6.81945845e+00]
 [ 2.51918377e-01  1.37416218e+00  7.14152334e+00]
 [ 3.57498096e+00  1.44328993e-15  6.01593269e+00]
 [ 2.65223174e+00  5.38683539e-01  5.77181008e+00]
 [ 5.24746144e+00  8.69903333e-01  5.85659193e+00]
 [ 2.18871423e+00  2.28481781e+00  8.23778141e+00]
 [ 5.51155936e+00  4.56564011e-02  4.91629728e+00]
 [ 5.56666447e+00 -1.11022302e-15  5.85163437e+00]
 [ 9.44157119e-01  3.22385240e+00  9.28067705e+00]
 [ 1.98452827e+00  1.04134952e+00  6.65898446e+00]
 [ 3.47677187e+00  1.45071814e+00  7.36462192e+00]
 [ 3.04195118e+00  9.07787632e-02  4.83108222e+00]
 [ 4.28654225e+00  9.45313185e-01  6.59547478e+00]
 [ 8.17313177e-01  3.83635002e+00  1.10930820e+01]
 [ 1.27117255e+00  1.85809238e+00  7.54968306e+00]
 [ 4.36769700e+00  1.55431223e-15  6.90208546e+00]
 [ 4.13340053e+00  6.38623149e-02  4.98219809e+00]
 [ 2.73156161e+00  2.81474943e+00  9.40663685e+00]
 [ 4.86696242e+00  6.81620296e-01  8.53579795e+00]]
7
 **********-------------------------------********** 
k值为：30：
 误差为：1395.5548662305675
 聚类标签: [28  4  5 ... 13 24 29]
 簇中心：[[ 4.37217246e+00  1.93277309e+00  8.07800875e+00]
 [ 2.45062716e+00  1.70156137e+00  7.42751136e+00]
 [ 4.48806448e+00 -1.44328993e-15  5.85500585e+00]
 [ 3.22298002e+00  1.00754173e+00  6.58945086e+00]
 [ 6.51770791e-01  2.51558961e+00  8.42629929e+00]
 [ 4.55477526e+00  1.38970232e+00  7.23947834e+00]
 [ 5.12399877e+00  5.77827969e-02  3.61274576e+00]
 [ 3.29855649e+00  2.20805278e+00  8.14485092e+00]
 [ 3.97410291e+00  7.95558345e-01  5.75305626e+00]
 [ 1.13433269e+00  4.42224686e-01  5.60354681e+00]
 [ 5.37359658e+00  6.46565635e-01  6.82619251e+00]
 [ 2.78797549e-01  1.37454732e+00  7.13175168e+00]
 [ 3.57498096e+00  1.44328993e-15  6.01593269e+00]
 [ 2.66407770e+00  5.47179014e-01  5.77231075e+00]
 [ 5.23173664e+00  8.84106776e-01  5.88615496e+00]
 [ 2.27108346e+00  2.29483831e+00  8.28305961e+00]
 [ 5.50987936e+00  4.75892094e-02  4.91677807e+00]
 [ 5.56666447e+00 -1.11022302e-15  5.85163437e+00]
 [ 9.07308604e-01  3.22465588e+00  9.28474587e+00]
 [ 1.98611531e+00  1.05129943e+00  6.66101736e+00]
 [ 3.37537241e+00  1.53786321e+00  7.17360075e+00]
 [ 3.04195118e+00  9.07787632e-02  4.83108222e+00]
 [ 4.26089462e+00  9.25105944e-01  6.60164946e+00]
 [ 8.17313177e-01  3.83635002e+00  1.10930820e+01]
 [ 1.27822574e+00  1.87368947e+00  7.58144966e+00]
 [ 4.37842929e+00  1.55431223e-15  6.89230339e+00]
 [ 4.13133348e+00  5.64151568e-02  4.97948046e+00]
 [ 2.72519562e+00  2.82639279e+00  9.41175080e+00]
 [ 4.97764489e+00  6.89784858e-01  8.51541713e+00]
 [ 3.55255261e+00  1.23256765e+00  7.92005421e+00]]
7
 **********-------------------------------********** 
k值为：31：
 误差为：1361.7484767391065
 聚类标签: [28  4  5 ... 13 24 29]
 簇中心：[[ 4.35385559e+00  1.96308202e+00  8.11547972e+00]
 [ 2.32824373e+00  1.68128224e+00  7.52907139e+00]
 [ 4.48806448e+00 -1.44328993e-15  5.85500585e+00]
 [ 2.63605295e+00  1.08709690e+00  6.70759280e+00]
 [ 6.42996776e-01  2.52718823e+00  8.44024480e+00]
 [ 4.56491608e+00  1.39422779e+00  7.23336618e+00]
 [ 5.12561073e+00  2.56721178e-02  3.60096733e+00]
 [ 3.23959133e+00  2.15403653e+00  8.19979139e+00]
 [ 3.97449580e+00  7.86304789e-01  5.75161521e+00]
 [ 1.12314780e+00  3.90334817e-01  5.54796699e+00]
 [ 5.41017528e+00  6.33482621e-01  6.84008349e+00]
 [ 2.37806812e-01  1.40442876e+00  7.17537673e+00]
 [ 3.57498096e+00  1.44328993e-15  6.01593269e+00]
 [ 2.68218123e+00  5.49272198e-01  5.79983687e+00]
 [ 5.27349198e+00  8.63115804e-01  5.81556643e+00]
 [ 2.23724406e+00  2.35947115e+00  8.30591708e+00]
 [ 5.51317950e+00  3.78080280e-02  4.91334810e+00]
 [ 5.56557734e+00 -1.11022302e-15  5.84924266e+00]
 [ 9.41447379e-01  3.23290156e+00  9.28747707e+00]
 [ 1.52312109e+00  1.12938807e+00  6.62221939e+00]
 [ 3.19621042e+00  1.63187164e+00  7.19574986e+00]
 [ 3.03578980e+00  9.57985000e-02  4.83182304e+00]
 [ 4.45669365e+00  9.18857714e-01  6.54745028e+00]
 [ 8.17313177e-01  3.83635002e+00  1.10930820e+01]
 [ 1.27532566e+00  1.92098214e+00  7.66006650e+00]
 [ 4.36769700e+00  1.55431223e-15  6.90208546e+00]
 [ 4.13133348e+00  5.64151568e-02  4.97948046e+00]
 [ 2.75195312e+00  2.81443391e+00  9.46743054e+00]
 [ 4.86863682e+00  7.02560715e-01  8.57082881e+00]
 [ 3.69409640e+00  1.27751574e+00  7.65028441e+00]
 [ 3.53537907e+00  1.01527490e+00  6.58221380e+00]]
7
 **********-------------------------------********** 
k值为：32：
 误差为：1326.9977755585214
 聚类标签: [ 9 14 22 ... 12  4 22]
 簇中心：[[ 5.00137532e+00  1.32301505e-01  5.05618727e+00]
 [ 1.28175603e+00  1.72279566e+00  7.45017234e+00]
 [ 3.31521248e+00  1.40707235e+00  7.17848572e+00]
 [ 4.04969144e+00  8.04980864e-01  5.70307466e+00]
 [ 1.22033526e+00  2.66214607e+00  8.57275467e+00]
 [ 5.55379415e+00 -2.55351296e-15  5.88286951e+00]
 [ 4.87306372e+00  1.35560374e+00  7.13931850e+00]
 [ 1.56762439e+00  9.09558560e-01  6.35409897e+00]
 [ 2.33635749e+00  2.24872811e+00  8.24467696e+00]
 [ 4.70946138e+00  1.79528154e+00  8.63809419e+00]
 [ 4.34833565e+00  9.57633154e-01  6.58430577e+00]
 [ 3.34158399e+00  2.08887838e+00  8.11358775e+00]
 [ 1.76562110e+00  2.49655833e-01  5.11717613e+00]
 [ 3.58457002e+00  1.99840144e-15  6.07467779e+00]
 [ 2.34775658e-01  2.09147836e+00  7.90843443e+00]
 [ 5.67099177e+00  2.72892591e-02  4.96032624e+00]
 [ 3.42931577e+00  9.63087271e-01  6.43374236e+00]
 [ 1.40301549e+00  3.65553269e+00  1.12143223e+01]
 [ 3.17373744e+00  7.50475149e-02  4.81350989e+00]
 [ 5.27325181e+00  8.61973336e-01  6.02614219e+00]
 [ 4.87439690e-01  3.39554600e+00  9.43377145e+00]
 [ 2.45063616e+00  1.70036643e+00  7.48043769e+00]
 [ 4.08085165e+00  1.59197634e+00  7.62700889e+00]
 [ 4.12260005e+00  3.18688359e-01  7.36542938e+00]
 [ 4.03531205e+00  2.88882797e-02  5.06715577e+00]
 [ 5.21307714e+00  2.20046724e-02  3.71627475e+00]
 [ 4.45160490e+00 -1.33226763e-15  6.05046911e+00]
 [ 5.38714865e+00  4.13335015e-01  7.03670194e+00]
 [ 3.06274336e-01  9.10395423e-01  6.39884974e+00]
 [ 2.54812312e+00  1.10402939e+00  6.72485167e+00]
 [ 2.69908368e+00  2.78619964e+00  9.22096948e+00]
 [ 2.75576988e+00  5.19793424e-01  5.79448819e+00]]
7
 **********-------------------------------********** 
k值为：33：
 误差为：1300.9918276626804
 聚类标签: [ 9 14 22 ... 12  4 22]
 簇中心：[[ 5.00046787e+00  1.31453419e-01  5.05980124e+00]
 [ 1.27686824e+00  1.70396714e+00  7.43513166e+00]
 [ 3.36680923e+00  1.36245613e+00  7.00061106e+00]
 [ 4.22610122e+00  8.49506257e-01  5.80238079e+00]
 [ 1.24402275e+00  2.60884662e+00  8.50835384e+00]
 [ 5.55379415e+00 -2.55351296e-15  5.88286951e+00]
 [ 4.87656184e+00  1.36117739e+00  7.05348531e+00]
 [ 1.59217643e+00  9.04215069e-01  6.37493662e+00]
 [ 2.38661504e+00  2.26220408e+00  8.23250872e+00]
 [ 4.98942290e+00  1.55691498e+00  8.53816586e+00]
 [ 4.25596639e+00  9.32991352e-01  6.61788084e+00]
 [ 3.55907798e+00  2.30345117e+00  8.49874719e+00]
 [ 1.71795662e+00  2.92083076e-01  5.11223619e+00]
 [ 3.59068304e+00  1.99840144e-15  6.08098640e+00]
 [ 2.27261371e-01  2.08645513e+00  7.90259848e+00]
 [ 5.67099177e+00  2.72892591e-02  4.96032624e+00]
 [ 3.30212825e+00  8.51183542e-01  6.23773035e+00]
 [ 1.34083297e+00  3.64351996e+00  1.12473778e+01]
 [ 3.23867380e+00  8.87952548e-02  4.70425643e+00]
 [ 5.29524567e+00  8.51620632e-01  6.03322125e+00]
 [ 4.91637802e-01  3.39194049e+00  9.41820382e+00]
 [ 2.36419701e+00  1.67477340e+00  7.44337194e+00]
 [ 4.13480856e+00  1.59358649e+00  7.64957667e+00]
 [ 4.15555172e+00  2.98214485e-01  7.36769646e+00]
 [ 4.02754129e+00  5.38471066e-02  5.08220635e+00]
 [ 5.23342929e+00  2.23595865e-02  3.71735405e+00]
 [ 4.44934961e+00 -1.22124533e-15  6.05284758e+00]
 [ 5.37690798e+00  4.24081483e-01  7.00245976e+00]
 [ 3.06274336e-01  9.10395423e-01  6.39884974e+00]
 [ 2.56721483e+00  1.12841049e+00  6.69758387e+00]
 [ 2.60742681e+00  2.83404239e+00  9.29020645e+00]
 [ 2.71765665e+00  3.32387349e-01  5.66557784e+00]
 [ 3.20391020e+00  1.78416385e+00  7.81122761e+00]]
7
 **********-------------------------------********** 
k值为：34：
 误差为：1279.572961445069
 聚类标签: [17 24 32 ... 28 24 16]
 簇中心：[[ 3.21140763e+00  1.98283792e+00  7.92313252e+00]
 [ 4.47370060e+00 -1.55431223e-15  5.89411099e+00]
 [ 1.45045343e+00  1.45530044e+00  7.15444270e+00]
 [ 4.83293715e+00  1.38623161e+00  7.57199784e+00]
 [ 5.51240904e+00  2.92467165e-02  4.75982604e+00]
 [ 3.57474593e-01  3.17533000e+00  9.29667664e+00]
 [ 2.88419645e+00  7.96532072e-01  5.83990094e+00]
 [ 5.55533584e+00 -3.77475828e-15  5.51942442e+00]
 [ 1.56200941e+00  2.82748321e+00  8.82708581e+00]
 [ 3.44945542e+00  1.03483307e+00  6.57398241e+00]
 [ 3.14105942e+00  1.73340569e-01  4.43039551e+00]
 [ 4.30457262e+00  4.62098120e-01  6.79535937e+00]
 [ 2.16620144e+00  2.00512341e+00  7.91413414e+00]
 [ 5.25507103e+00  8.85563619e-01  6.52349196e+00]
 [ 2.39016269e-01  1.39421600e+00  7.12918308e+00]
 [ 2.23440914e+00  3.29029932e+00  1.05747847e+01]
 [ 3.51518433e+00  9.51398955e-01  7.55950578e+00]
 [ 4.30759764e+00  1.85381191e+00  8.53006891e+00]
 [ 2.93756634e+00  2.53647374e+00  8.82269961e+00]
 [ 1.19056704e+00  4.93764136e-01  5.73411447e+00]
 [ 3.58063702e+00  1.77635684e-15  6.06878639e+00]
 [ 2.88076782e+00  1.57165837e+00  7.11233042e+00]
 [ 4.13127291e+00  3.77488053e-02  5.00789844e+00]
 [ 2.29988657e+00  1.01101928e+00  6.65839150e+00]
 [ 8.06503017e-01  2.25514923e+00  8.04015441e+00]
 [ 5.53396591e+00  2.22044605e-16  6.21223978e+00]
 [ 5.27203083e+00  8.13193818e-01  5.64063558e+00]
 [ 5.30777481e+00  2.89703621e-01  7.42900049e+00]
 [ 2.76529413e+00  3.17957422e-02  5.38552895e+00]
 [ 5.42250372e-01  4.31771958e+00  1.11572490e+01]
 [ 4.41014021e+00  1.29754184e+00  6.71522286e+00]
 [ 4.08175140e+00  7.98445291e-01  5.80132226e+00]
 [ 3.93305341e+00  1.71300716e+00  7.44534221e+00]
 [ 5.15478273e+00  3.08065414e-02  3.51807680e+00]]
7
 **********-------------------------------********** 
k值为：35：
 误差为：1250.94616085797
 聚类标签: [29 13 32 ... 22 12 11]
 簇中心：[[ 8.17313177e-01  3.83635002e+00  1.10930820e+01]
 [ 4.18498880e+00  1.88737914e-15  6.54028293e+00]
 [ 2.09327743e+00  1.04148343e+00  6.66003745e+00]
 [ 5.53215166e+00  5.21163294e-03  5.22457745e+00]
 [ 3.81319408e+00  1.59153352e+00  7.24769931e+00]
 [ 2.76676954e+00  2.09626769e-01  4.25185042e+00]
 [ 3.00784555e+00  1.77635684e-15  5.92883919e+00]
 [ 5.29294617e+00  9.05231862e-01  6.52406597e+00]
 [ 2.87687069e+00  2.51973894e+00  8.61008212e+00]
 [ 4.16841939e-01  9.82899107e-01  6.48540327e+00]
 [ 4.44508623e+00  1.83111115e+00  8.07515225e+00]
 [ 3.93761576e+00  6.39229315e-01  7.67872227e+00]
 [ 1.47815072e+00  2.36874092e+00  8.20855483e+00]
 [ 2.65706419e-01  2.05193405e+00  7.86257101e+00]
 [ 3.37450269e+00  1.90418338e+00  7.98660193e+00]
 [ 3.26569085e+00  4.37119844e-02  5.06126929e+00]
 [ 4.30125281e+00  6.57086059e-02  4.78134841e+00]
 [ 5.50059725e+00 -3.88578059e-15  5.97090886e+00]
 [ 4.01869820e+00  7.84369476e-01  5.71969735e+00]
 [ 5.52054693e+00  4.02472556e-02  4.51139717e+00]
 [ 4.86003395e-01  3.09767845e+00  9.04492517e+00]
 [ 5.37840282e+00  2.45133833e-01  7.23601164e+00]
 [ 1.46080799e+00  3.98798826e-01  5.55108859e+00]
 [ 5.27203083e+00  8.13193818e-01  5.64063558e+00]
 [ 5.06125703e+00  3.46573590e-02  2.95997838e+00]
 [ 4.37384289e+00  9.16841774e-01  6.51229730e+00]
 [ 2.98452797e+00  1.37143267e+00  7.03881243e+00]
 [ 1.29205895e+00  1.58714250e+00  7.29666858e+00]
 [ 2.38938996e+00  1.86306379e+00  7.71077142e+00]
 [ 3.89504999e+00  2.08960721e+00  9.94165080e+00]
 [ 2.88252317e+00  8.09620247e-01  5.89045320e+00]
 [ 3.49100087e+00  9.98450789e-01  6.54129860e+00]
 [ 4.70244222e+00  1.29735263e+00  7.22814908e+00]
 [ 4.20564715e+00 -2.66453526e-15  5.72627422e+00]
 [ 1.91376721e+00  3.05893503e+00  9.42588737e+00]]
7
 **********-------------------------------********** 
k值为：36：
 误差为：1229.0083518255014
 聚类标签: [28  4  3 ... 20  4  7]
 簇中心：[[ 3.25016595e+00  1.05257613e+00  7.17324384e+00]
 [ 4.29815189e+00  7.72533690e-02  4.98322559e+00]
 [ 3.15145388e+00  2.51198625e+00  8.90605044e+00]
 [ 4.79681645e+00  1.29485326e+00  7.35994801e+00]
 [ 1.16468591e+00  2.25316557e+00  8.08259292e+00]
 [ 2.81642250e+00  5.77693229e-01  6.01084840e+00]
 [ 5.48822239e+00 -3.55271368e-15  5.94482069e+00]
 [ 3.81005820e+00  1.59232360e+00  7.39539366e+00]
 [ 4.20409410e+00 -2.88657986e-15  6.00317344e+00]
 [ 4.35651971e+00  8.27535933e-01  6.03177283e+00]
 [ 5.54694139e+00  2.63554061e-03  5.20462948e+00]
 [ 3.32685220e+00  4.35941623e-02  5.49707160e+00]
 [ 3.22600084e-01  3.79521652e+00  1.05750728e+01]
 [ 2.46692694e+00  1.69154057e+00  7.46265709e+00]
 [ 1.94691476e+00  8.70790304e-01  6.57450910e+00]
 [ 3.52827157e+00  8.41164717e-01  6.22666334e+00]
 [ 2.17809992e+00  3.35223875e+00  1.06410586e+01]
 [ 1.63311953e+00  3.00730101e+00  9.05906123e+00]
 [ 5.32203821e+00  8.10488287e-01  5.63550978e+00]
 [ 2.06728106e-01  1.59440955e+00  7.31725010e+00]
 [ 1.90953207e+00  2.58723589e-01  5.20261556e+00]
 [ 4.18138726e+00  3.92621830e-01  6.95752126e+00]
 [ 4.32610130e+00  1.93202969e+00  8.11359441e+00]
 [ 5.22378340e+00  9.00034390e-01  6.54166953e+00]
 [ 3.27590360e+00  1.93486064e+00  7.96291531e+00]
 [ 1.41600289e+00  1.58394948e+00  7.29742666e+00]
 [ 4.83637082e+00  4.33216988e-02  2.76076318e+00]
 [ 2.85413545e-01  2.85181594e+00  8.72803155e+00]
 [ 4.66089257e+00  6.99941628e-01  8.74714837e+00]
 [ 5.49768562e+00  4.02472556e-02  4.45631143e+00]
 [ 2.33388115e+00  2.28294642e+00  8.21392619e+00]
 [ 2.89675244e+00  1.42969460e+00  6.66494989e+00]
 [ 3.27338641e+00  1.26924623e-01  4.49617828e+00]
 [ 4.17346359e+00  1.32409291e+00  6.70283465e+00]
 [ 5.41559220e+00  1.51922670e-01  7.10906122e+00]
 [ 7.92814467e-01  7.77660753e-01  6.10012328e+00]]
7
 **********-------------------------------********** 
k值为：37：
 误差为：1199.8712852597741
 聚类标签: [ 5 18 35 ... 33 32 24]
 簇中心：[[ 5.40525508e+00  3.00255203e-01  7.10682071e+00]
 [ 2.47422128e+00  1.68250596e+00  7.27796059e+00]
 [ 3.15518267e+00  7.63636724e-02  4.85730320e+00]
 [ 3.17038180e+00  1.27609928e+00  6.94674638e+00]
 [ 5.44920424e+00  3.30070086e-02  4.44636242e+00]
 [ 4.53039186e+00  1.82835719e+00  9.21309672e+00]
 [ 2.17410759e+00  2.10443742e+00  8.03533295e+00]
 [ 4.15668506e+00  9.67818316e-01  6.62681325e+00]
 [ 3.15903437e+00  1.62818641e+00  7.90371308e+00]
 [ 4.97810747e-01  3.30492811e+00  9.34245837e+00]
 [ 5.59978677e+00 -3.66373598e-15  5.96818248e+00]
 [ 4.71611103e-01  9.73623294e-01  6.46732644e+00]
 [ 4.02755000e+00  7.92291564e-01  5.75761705e+00]
 [ 1.25495698e+00  1.68780202e+00  7.43937152e+00]
 [ 3.22814368e+00  8.75969169e-01  6.27585392e+00]
 [ 5.01018911e+00  1.99840144e-15  5.51701985e+00]
 [ 5.52502650e+00  8.25137156e-01  6.16652534e+00]
 [ 1.37022838e+00  2.84896911e-01  5.23608422e+00]
 [ 2.38624439e-01  2.08250166e+00  7.89420577e+00]
 [ 4.30846555e+00 -1.66533454e-15  6.04876013e+00]
 [ 1.98872003e+00  3.24743615e+00  1.08696439e+01]
 [ 4.84360725e+00  1.32919417e+00  7.33262396e+00]
 [ 4.77644636e+00  3.64814306e-02  2.91433777e+00]
 [ 3.27837408e+00  2.34368136e+00  8.24869236e+00]
 [ 3.83548776e+00  1.63813292e+00  7.28371088e+00]
 [ 4.93459488e+00  9.67262013e-01  6.48974512e+00]
 [ 3.45880583e+00  1.88737914e-15  6.06130644e+00]
 [ 2.62620094e+00  2.74283099e+00  9.07239485e+00]
 [ 4.12483092e+00  4.60167898e-02  4.98630541e+00]
 [ 5.65011422e+00  9.28322117e-03  5.15463628e+00]
 [ 4.08630880e+00  2.93568218e-01  7.34867287e+00]
 [ 5.11075380e+00  8.08344326e-01  5.48654311e+00]
 [ 1.24097468e+00  2.65120863e+00  8.58276724e+00]
 [ 2.56822635e+00  4.58410541e-01  5.65905074e+00]
 [ 2.01975585e+00  9.89990106e-01  6.59124695e+00]
 [ 4.27733283e+00  1.68311334e+00  7.95553352e+00]
 [ 3.17805383e-01  4.49131434e+00  1.11635603e+01]]
7
 **********-------------------------------********** 
k值为：38：
 误差为：1181.0968414068345
 聚类标签: [28  4 37 ... 34 24 30]
 簇中心：[[ 4.58242800e+00  2.07819299e+00  8.33451423e+00]
 [ 2.23894264e+00  1.62583102e+00  7.46760334e+00]
 [ 4.47864598e+00 -8.88178420e-16  5.86380166e+00]
 [ 3.08810634e+00  1.19944204e+00  6.77564281e+00]
 [ 6.39467378e-01  2.57240787e+00  8.48882985e+00]
 [ 4.75092300e+00  1.24072861e+00  7.35616424e+00]
 [ 4.53376621e+00  7.48667032e-02  4.70618114e+00]
 [ 3.27845819e+00  2.33755665e+00  8.29162759e+00]
 [ 4.08988368e+00  7.95784266e-01  5.70623586e+00]
 [ 1.11349925e+00  4.21227222e-01  5.56449890e+00]
 [ 5.34950259e+00  8.88102251e-01  6.64032243e+00]
 [ 1.63834788e-01  1.50475724e+00  7.22191835e+00]
 [ 3.53670189e+00  1.99840144e-15  6.09618135e+00]
 [ 2.95956110e+00  7.86677233e-01  5.87437931e+00]
 [ 5.28373974e+00  8.17489191e-01  5.70523177e+00]
 [ 2.27598122e+00  2.32316910e+00  8.28909619e+00]
 [ 5.56495748e+00  3.96084103e-02  4.46640773e+00]
 [ 5.55835845e+00 -4.21884749e-15  5.92488342e+00]
 [ 9.60569280e-01  3.24468460e+00  9.31057507e+00]
 [ 1.32308423e+00  1.15941445e+00  6.76641936e+00]
 [ 3.01466001e+00  1.77425409e+00  7.37122823e+00]
 [ 3.15361992e+00  1.49595286e-01  4.57110137e+00]
 [ 4.50863855e+00  9.43953964e-01  6.52257901e+00]
 [ 8.17313177e-01  3.83635002e+00  1.10930820e+01]
 [ 1.25918963e+00  1.97602528e+00  7.71300148e+00]
 [ 4.28370546e+00  1.33226763e-15  6.85751148e+00]
 [ 3.89060032e+00  1.10903549e-02  5.23571975e+00]
 [ 2.72460998e+00  2.81713827e+00  9.49686010e+00]
 [ 4.82185719e+00  6.59252284e-01  8.70171415e+00]
 [ 3.56919375e+00  1.56837523e+00  8.03178809e+00]
 [ 3.70688548e+00  9.63206308e-01  7.27107097e+00]
 [ 4.79905738e+00  3.85081767e-02  2.86062590e+00]
 [ 5.39802616e+00  1.11022302e-15  6.92671914e+00]
 [ 2.25062819e+00  9.69213612e-01  6.51978636e+00]
 [ 2.66020167e+00  5.33190139e-02  5.43582140e+00]
 [ 3.73394283e+00  9.35170922e-01  6.46782411e+00]
 [ 5.54909629e+00  1.07882830e-02  5.19454784e+00]
 [ 4.07248614e+00  1.72892415e+00  7.31011171e+00]]
7
 **********-------------------------------********** 
k值为：39：
 误差为：1150.8880662967304
 聚类标签: [28  4  3 ... 20  4  3]
 簇中心：[[ 3.04765220e+00  9.29352867e-01  7.28449428e+00]
 [ 4.26111211e+00  3.69605127e-02  4.97466792e+00]
 [ 3.12929116e+00  2.51819802e+00  8.89986129e+00]
 [ 4.14117809e+00  1.50432336e+00  7.68604021e+00]
 [ 1.19829933e+00  2.27511798e+00  8.08599345e+00]
 [ 3.07491762e+00  7.81842673e-01  6.07534331e+00]
 [ 5.54995734e+00 -4.32986980e-15  5.92831294e+00]
 [ 3.38904825e+00  1.63540067e+00  7.19051309e+00]
 [ 4.46366999e+00 -1.33226763e-15  5.95104165e+00]
 [ 4.43212924e+00  8.06098081e-01  6.45852481e+00]
 [ 5.54418236e+00  2.69707074e-03  5.19408273e+00]
 [ 3.59031669e+00  7.77156117e-16  5.97554788e+00]
 [ 3.22600084e-01  3.79521652e+00  1.05750728e+01]
 [ 2.42281382e+00  1.71703967e+00  7.47618928e+00]
 [ 1.86451739e+00  8.63469619e-01  6.42812515e+00]
 [ 3.61924262e+00  1.02046597e+00  6.58703759e+00]
 [ 2.17809992e+00  3.35223875e+00  1.06410586e+01]
 [ 1.63311953e+00  3.00730101e+00  9.05906123e+00]
 [ 5.25519376e+00  8.12566314e-01  5.54328165e+00]
 [ 2.39016269e-01  1.64212359e+00  7.41569936e+00]
 [ 2.56624263e+00  3.00522717e-01  5.54465350e+00]
 [ 4.15675515e+00  2.62666300e-01  7.09170316e+00]
 [ 4.53635637e+00  2.17862795e+00  8.24805145e+00]
 [ 5.12466101e+00  1.08818672e+00  7.31162083e+00]
 [ 3.30443181e+00  1.93668934e+00  7.98273996e+00]
 [ 1.40739167e+00  1.57774734e+00  7.29339501e+00]
 [ 4.77644636e+00  3.64814306e-02  2.91433777e+00]
 [ 2.91121816e-01  2.86726342e+00  8.73866069e+00]
 [ 4.65049355e+00  6.75263071e-01  9.00811095e+00]
 [ 5.50172058e+00  3.17126161e-02  4.45895219e+00]
 [ 2.33990672e+00  2.27953098e+00  8.22901010e+00]
 [ 2.73517001e+00  1.37917195e+00  6.64658586e+00]
 [ 3.24044917e+00  9.22367609e-02  4.81487463e+00]
 [ 4.40131263e+00  1.39311825e+00  6.85416143e+00]
 [ 5.40018021e+00  9.99200722e-16  6.98488728e+00]
 [ 6.12863812e-01  8.35537846e-01  6.22720097e+00]
 [ 4.03445899e+00  7.92975353e-01  5.69462694e+00]
 [ 5.31686345e+00  8.74205082e-01  6.39326520e+00]
 [ 1.47629036e+00  2.00647868e-01  5.16028581e+00]]
7
 **********-------------------------------********** 
k值为：40：
 误差为：1130.2499577926797
 聚类标签: [28 39  3 ... 20  4  3]
 簇中心：[[ 3.16941670e+00  9.97149748e-01  7.28173313e+00]
 [ 4.26111211e+00  3.69605127e-02  4.97466792e+00]
 [ 3.12929116e+00  2.51819802e+00  8.89986129e+00]
 [ 4.13828344e+00  1.50360803e+00  7.68512276e+00]
 [ 1.22068368e+00  2.17315918e+00  7.91155753e+00]
 [ 3.07893312e+00  7.82541063e-01  6.07187625e+00]
 [ 5.55415742e+00 -4.32986980e-15  5.92993364e+00]
 [ 3.40731648e+00  1.67226960e+00  7.15561060e+00]
 [ 4.47187311e+00 -1.33226763e-15  5.94569714e+00]
 [ 4.43523671e+00  8.06799639e-01  6.45981691e+00]
 [ 5.54418236e+00  2.69707074e-03  5.19408273e+00]
 [ 3.59331493e+00  7.77156117e-16  5.97877107e+00]
 [ 4.69950323e-01  4.02332415e+00  1.11631363e+01]
 [ 2.43001661e+00  1.69819088e+00  7.48021774e+00]
 [ 1.96251351e+00  8.09567058e-01  6.52018077e+00]
 [ 3.63680337e+00  1.00804999e+00  6.57212685e+00]
 [ 2.24695257e+00  3.30533673e+00  1.06103100e+01]
 [ 1.60127646e+00  2.84026578e+00  8.92127793e+00]
 [ 5.25519376e+00  8.12566314e-01  5.54328165e+00]
 [ 2.12187912e-01  1.51817627e+00  7.23674040e+00]
 [ 2.56624263e+00  3.00522717e-01  5.54465350e+00]
 [ 4.16339276e+00  2.53408647e-01  7.09317828e+00]
 [ 4.53635637e+00  2.17862795e+00  8.24805145e+00]
 [ 5.12466101e+00  1.08818672e+00  7.31162083e+00]
 [ 3.31052337e+00  1.94178924e+00  7.97770229e+00]
 [ 1.41087292e+00  1.52472308e+00  7.22385058e+00]
 [ 4.77644636e+00  3.64814306e-02  2.91433777e+00]
 [ 4.26283409e-01  3.34973625e+00  9.33077547e+00]
 [ 4.65049355e+00  6.75263071e-01  9.00811095e+00]
 [ 5.50172058e+00  3.17126161e-02  4.45895219e+00]
 [ 2.35826024e+00  2.27648414e+00  8.21221750e+00]
 [ 2.73682004e+00  1.37350232e+00  6.64952024e+00]
 [ 3.24044917e+00  9.22367609e-02  4.81487463e+00]
 [ 4.40131263e+00  1.39311825e+00  6.85416143e+00]
 [ 5.40018021e+00  9.99200722e-16  6.98488728e+00]
 [ 7.88520081e-01  8.10063285e-01  6.12443178e+00]
 [ 4.03445899e+00  7.92975353e-01  5.69462694e+00]
 [ 5.31686345e+00  8.74205082e-01  6.39326520e+00]
 [ 1.48928131e+00  1.73286795e-01  5.13224945e+00]
 [ 2.90154634e-01  2.45924359e+00  8.34338045e+00]]
7
 **********-------------------------------********** 
k值为：41：
 误差为：1112.8732596403468
 聚类标签: [28  4  3 ... 20  4  7]
 簇中心：[[ 2.49035615e+00  7.49432832e-01  6.93940684e+00]
 [ 4.25816814e+00  3.67323614e-02  4.97209961e+00]
 [ 3.06200491e+00  2.53550169e+00  8.92833922e+00]
 [ 4.17633767e+00  1.56038028e+00  7.68048109e+00]
 [ 1.17365957e+00  2.16280663e+00  7.96883522e+00]
 [ 3.08973114e+00  8.00311003e-01  6.01220875e+00]
 [ 5.54995734e+00 -4.32986980e-15  5.92831294e+00]
 [ 3.33438893e+00  1.44951955e+00  7.22941290e+00]
 [ 4.46279783e+00 -1.33226763e-15  5.95435200e+00]
 [ 4.43198820e+00  8.04975810e-01  6.45384863e+00]
 [ 5.54418236e+00  2.69707074e-03  5.19408273e+00]
 [ 3.59031669e+00  7.77156117e-16  5.97554788e+00]
 [ 4.69950323e-01  4.02332415e+00  1.11631363e+01]
 [ 2.41889413e+00  1.73870477e+00  7.45693369e+00]
 [ 1.66168160e+00  9.79791243e-01  6.41197753e+00]
 [ 3.60323662e+00  9.99787788e-01  6.57874995e+00]
 [ 2.23440914e+00  3.29029932e+00  1.05747847e+01]
 [ 1.56645127e+00  2.90338734e+00  8.89421941e+00]
 [ 5.25519376e+00  8.12566314e-01  5.54328165e+00]
 [ 2.21807098e-01  1.50167569e+00  7.23326758e+00]
 [ 2.50859504e+00  3.07896623e-01  5.60736445e+00]
 [ 4.15027951e+00  2.69962586e-01  7.10177960e+00]
 [ 4.53957055e+00  2.20697244e+00  8.30532026e+00]
 [ 5.12004556e+00  1.08227435e+00  7.29287641e+00]
 [ 3.26898192e+00  1.36165672e+00  8.17658640e+00]
 [ 1.39045457e+00  1.57876257e+00  7.30961769e+00]
 [ 4.77644636e+00  3.64814306e-02  2.91433777e+00]
 [ 4.18870526e-01  3.34651403e+00  9.35884222e+00]
 [ 4.75124427e+00  6.76157277e-01  8.95130084e+00]
 [ 5.50172058e+00  3.17126161e-02  4.45895219e+00]
 [ 2.29279520e+00  2.23434523e+00  8.22387704e+00]
 [ 2.78739108e+00  1.38193165e+00  6.64596529e+00]
 [ 3.21680065e+00  8.11756763e-02  4.83381768e+00]
 [ 4.37554426e+00  1.38760201e+00  6.86207576e+00]
 [ 5.40018021e+00  9.99200722e-16  6.98488728e+00]
 [ 5.57308500e-01  7.12144444e-01  6.07330655e+00]
 [ 4.04327443e+00  7.98793829e-01  5.67361234e+00]
 [ 5.31686345e+00  8.74205082e-01  6.39326520e+00]
 [ 1.48649788e+00  1.87337076e-01  5.14803204e+00]
 [ 2.70496461e-01  2.52960083e+00  8.33266952e+00]
 [ 3.30588229e+00  2.16515040e+00  7.88085265e+00]]
7
 **********-------------------------------********** 
k值为：42：
 误差为：1100.0604446513275
 聚类标签: [28 39  3 ... 38  4  7]
 簇中心：[[ 2.72268313e+00  8.46537676e-01  6.89216505e+00]
 [ 4.30813984e+00  4.40788337e-02  4.88410760e+00]
 [ 3.06536418e+00  2.49520403e+00  8.91614414e+00]
 [ 4.31693359e+00  1.56011152e+00  7.66106321e+00]
 [ 1.21992102e+00  2.15238850e+00  7.94644722e+00]
 [ 2.90149836e+00  8.12962982e-01  5.86239866e+00]
 [ 5.55413169e+00 -4.32986980e-15  5.93228403e+00]
 [ 3.48370323e+00  1.48722374e+00  7.24933078e+00]
 [ 4.49646230e+00 -7.77156117e-16  5.87108899e+00]
 [ 4.40687798e+00  7.99129700e-01  6.45383201e+00]
 [ 5.54480626e+00  2.69707074e-03  5.19351357e+00]
 [ 3.66496622e+00  1.99840144e-15  5.68019149e+00]
 [ 4.69950323e-01  4.02332415e+00  1.11631363e+01]
 [ 2.32738316e+00  1.66411819e+00  7.62135596e+00]
 [ 1.74926187e+00  9.10070170e-01  6.39164972e+00]
 [ 3.49971706e+00  1.01337055e+00  6.52565783e+00]
 [ 2.23440914e+00  3.29029932e+00  1.05747847e+01]
 [ 1.52041039e+00  2.89919960e+00  8.91384949e+00]
 [ 5.25519376e+00  8.12566314e-01  5.54328165e+00]
 [ 2.21807098e-01  1.50167569e+00  7.23326758e+00]
 [ 2.75087266e+00  8.05985094e-03  5.53170857e+00]
 [ 4.02247958e+00  5.48017685e-01  7.34806467e+00]
 [ 4.47497163e+00  2.21032753e+00  8.30793621e+00]
 [ 5.14388861e+00  1.04268531e+00  7.25964602e+00]
 [ 3.47430104e+00  1.58264637e+00  8.12356925e+00]
 [ 1.38749534e+00  1.55194428e+00  7.25330820e+00]
 [ 4.83637082e+00  4.33216988e-02  2.76076318e+00]
 [ 4.26283409e-01  3.34973625e+00  9.33077547e+00]
 [ 4.78001015e+00  6.75263071e-01  8.99022634e+00]
 [ 5.51059788e+00  3.21326508e-02  4.45049169e+00]
 [ 2.29055837e+00  2.36119953e+00  8.24225121e+00]
 [ 2.74458059e+00  1.56001935e+00  6.86196627e+00]
 [ 3.28229292e+00  1.08148067e-01  4.61024156e+00]
 [ 4.38096766e+00  1.38159831e+00  6.83384350e+00]
 [ 5.37928584e+00  1.11022302e-15  6.99644158e+00]
 [ 5.90114791e-01  7.31997555e-01  6.08347680e+00]
 [ 4.00419481e+00  7.87627415e-01  5.69767665e+00]
 [ 5.31579201e+00  8.77400221e-01  6.38398884e+00]
 [ 1.62157002e+00  3.03928840e-01  5.12646737e+00]
 [ 2.99313555e-01  2.46774290e+00  8.32656247e+00]
 [ 3.14196120e+00  2.16889615e+00  7.80340477e+00]
 [ 3.96375363e+00  1.66533454e-15  6.55399331e+00]]
7
 **********-------------------------------********** 
k值为：43：
 误差为：1074.6532724797448
 聚类标签: [28 39  3 ... 38  4  7]
 簇中心：[[ 2.51471323e+00  7.57970713e-01  6.87532655e+00]
 [ 4.31610925e+00  4.91788641e-02  4.79866048e+00]
 [ 3.01355579e+00  2.56664361e+00  8.91345881e+00]
 [ 4.47866931e+00  1.42933034e+00  7.56191852e+00]
 [ 1.21345487e+00  2.17434548e+00  7.91672464e+00]
 [ 2.90768302e+00  8.05863968e-01  5.87308792e+00]
 [ 5.60298291e+00 -3.55271368e-15  5.94758826e+00]
 [ 3.57033040e+00  1.54426718e+00  7.29147569e+00]
 [ 4.83592659e+00  1.99840144e-15  5.76946210e+00]
 [ 4.50247767e+00  8.23576516e-01  6.35140100e+00]
 [ 5.56673949e+00  2.80626389e-03  5.18942480e+00]
 [ 4.01062060e+00 -8.88178420e-16  5.70340664e+00]
 [ 4.69950323e-01  4.02332415e+00  1.11631363e+01]
 [ 2.41108699e+00  1.71105444e+00  7.47683069e+00]
 [ 1.71020454e+00  9.31817479e-01  6.35648455e+00]
 [ 3.52354958e+00  9.52579006e-01  6.51581321e+00]
 [ 2.23440914e+00  3.29029932e+00  1.05747847e+01]
 [ 1.49554958e+00  2.87839338e+00  8.89657190e+00]
 [ 5.26176754e+00  8.16277252e-01  5.52150797e+00]
 [ 2.21807098e-01  1.50167569e+00  7.23326758e+00]
 [ 2.99088591e+00  1.77635684e-15  5.86411445e+00]
 [ 4.26756217e+00  8.76260455e-01  6.96941706e+00]
 [ 4.25118603e+00  2.03676452e+00  8.09697922e+00]
 [ 5.22427042e+00  1.02475205e+00  7.21839027e+00]
 [ 3.26620997e+00  1.37986391e+00  8.17374138e+00]
 [ 1.38541222e+00  1.55583187e+00  7.25966646e+00]
 [ 4.79905738e+00  3.85081767e-02  2.86062590e+00]
 [ 4.26283409e-01  3.34973625e+00  9.33077547e+00]
 [ 4.84078985e+00  1.34845739e+00  9.34445803e+00]
 [ 5.52573571e+00  3.27839883e-02  4.46295974e+00]
 [ 2.28833729e+00  2.24123216e+00  8.23437262e+00]
 [ 2.90456101e+00  1.38483479e+00  6.83578439e+00]
 [ 3.26037104e+00  8.53149195e-02  4.79193295e+00]
 [ 4.40785324e+00  1.54014500e+00  6.63260353e+00]
 [ 5.38140140e+00  9.99200722e-16  7.01397655e+00]
 [ 5.93145155e-01  6.69694852e-01  6.05042124e+00]
 [ 4.01521523e+00  7.83931793e-01  5.67537520e+00]
 [ 5.35981539e+00  8.60567934e-01  6.37212767e+00]
 [ 1.82742190e+00  2.76710283e-01  5.10605542e+00]
 [ 2.90154634e-01  2.45924359e+00  8.34338045e+00]
 [ 3.23170572e+00  2.17508669e+00  7.87340983e+00]
 [ 4.14144619e+00  1.88737914e-15  6.53383229e+00]
 [ 4.04651768e+00  3.46573590e-01  7.78148079e+00]]
7
 **********-------------------------------********** 
k值为：44：
 误差为：1059.9149905479653
 聚类标签: [28 39  3 ... 38  4  7]
 簇中心：[[ 2.50662432e+00  7.47777372e-01  6.86426098e+00]
 [ 4.48135143e+00  4.80457704e-02  4.71470235e+00]
 [ 3.01355579e+00  2.56664361e+00  8.91345881e+00]
 [ 4.52542444e+00  1.42873016e+00  7.54507766e+00]
 [ 1.21345487e+00  2.17434548e+00  7.91672464e+00]
 [ 2.86417644e+00  8.12381894e-01  5.86427610e+00]
 [ 5.54072655e+00 -4.55191440e-15  5.93396281e+00]
 [ 3.57058166e+00  1.54681378e+00  7.29300738e+00]
 [ 4.39644822e+00 -3.33066907e-16  5.75480556e+00]
 [ 4.58811340e+00  8.12943690e-01  6.34506101e+00]
 [ 5.54451794e+00  2.70760617e-03  5.19428343e+00]
 [ 3.77059984e+00  2.31049060e-02  5.15653688e+00]
 [ 4.69950323e-01  4.02332415e+00  1.11631363e+01]
 [ 2.39124190e+00  1.69890814e+00  7.46562839e+00]
 [ 1.66574280e+00  9.46778900e-01  6.40895959e+00]
 [ 3.49491561e+00  9.51544499e-01  6.54685426e+00]
 [ 2.23440914e+00  3.29029932e+00  1.05747847e+01]
 [ 1.49554958e+00  2.87839338e+00  8.89657190e+00]
 [ 5.22627114e+00  7.96648218e-01  5.46403477e+00]
 [ 2.21807098e-01  1.50167569e+00  7.23326758e+00]
 [ 2.79116365e+00  7.87667251e-03  5.47184138e+00]
 [ 4.23381537e+00  8.61035077e-01  6.93568665e+00]
 [ 4.22754252e+00  2.03470681e+00  8.10143395e+00]
 [ 5.24461629e+00  9.63250694e-01  7.11471444e+00]
 [ 3.27257756e+00  1.37380662e+00  8.17379080e+00]
 [ 1.36838718e+00  1.56325395e+00  7.28238921e+00]
 [ 4.93204905e+00  4.62098120e-02  2.74248386e+00]
 [ 4.26283409e-01  3.34973625e+00  9.33077547e+00]
 [ 4.82536445e+00  1.34609258e+00  9.40499239e+00]
 [ 5.55756731e+00  2.94956247e-02  4.45353343e+00]
 [ 2.28937086e+00  2.23844610e+00  8.23101187e+00]
 [ 2.89356945e+00  1.39406777e+00  6.83483640e+00]
 [ 3.07763042e+00  1.89394605e-01  4.39038809e+00]
 [ 4.33540842e+00  1.49012921e+00  6.59199930e+00]
 [ 5.45704715e+00  7.77156117e-16  7.06444356e+00]
 [ 5.57308500e-01  7.12144444e-01  6.07330655e+00]
 [ 3.99746960e+00  7.76570878e-01  5.71842065e+00]
 [ 5.38942504e+00  8.81868041e-01  6.26525970e+00]
 [ 1.57051665e+00  2.73710000e-01  5.23190652e+00]
 [ 2.90154634e-01  2.45924359e+00  8.34338045e+00]
 [ 3.19248313e+00  2.16135801e+00  7.85197980e+00]
 [ 4.42809703e+00  1.66533454e-15  6.57697895e+00]
 [ 4.04651768e+00  3.46573590e-01  7.78148079e+00]
 [ 3.53595994e+00  1.88737914e-15  6.13601694e+00]]
7
 **********-------------------------------********** 
k值为：45：
 误差为：1038.0646332829194
 聚类标签: [28  4 44 ... 38  4 44]
 簇中心：[[ 2.54660433e+00  7.56005281e-01  6.89155842e+00]
 [ 4.49348248e+00  4.85568957e-02  4.71230186e+00]
 [ 3.01570078e+00  2.53486673e+00  8.89336912e+00]
 [ 4.97930291e+00  1.27198665e+00  7.52462549e+00]
 [ 1.19429339e+00  2.15134743e+00  7.98405177e+00]
 [ 2.90425641e+00  7.71823897e-01  5.82299224e+00]
 [ 5.54072655e+00 -4.55191440e-15  5.93396281e+00]
 [ 3.32800597e+00  1.36608126e+00  7.10919742e+00]
 [ 4.39431933e+00 -3.33066907e-16  5.75324958e+00]
 [ 4.47882752e+00  8.30481174e-01  6.33873656e+00]
 [ 5.54674455e+00  2.71822424e-03  5.19493417e+00]
 [ 3.77830420e+00  1.74742987e-02  5.14598794e+00]
 [ 4.69950323e-01  4.02332415e+00  1.11631363e+01]
 [ 2.41997011e+00  1.70225814e+00  7.47317046e+00]
 [ 1.67914051e+00  9.20134972e-01  6.37373294e+00]
 [ 3.53615687e+00  9.27047637e-01  6.45034764e+00]
 [ 2.23440914e+00  3.29029932e+00  1.05747847e+01]
 [ 1.49750057e+00  2.89504487e+00  8.89736456e+00]
 [ 5.17276690e+00  8.08179862e-01  5.37470189e+00]
 [ 2.31049060e-01  1.51300443e+00  7.23683959e+00]
 [ 2.79568398e+00  1.55431223e-15  5.47547301e+00]
 [ 4.23863043e+00  9.17118147e-01  7.01935738e+00]
 [ 4.45458628e+00  2.20243087e+00  8.22131474e+00]
 [ 5.22002816e+00  8.61101084e-01  6.77262125e+00]
 [ 3.24732349e+00  1.42366238e+00  8.21403195e+00]
 [ 1.39851026e+00  1.58329546e+00  7.27293047e+00]
 [ 4.93204905e+00  4.62098120e-02  2.74248386e+00]
 [ 4.18870526e-01  3.34651403e+00  9.35884222e+00]
 [ 4.74394886e+00  1.27927272e+00  9.64919677e+00]
 [ 5.56096847e+00  2.47552564e-02  4.45238136e+00]
 [ 2.31242794e+00  2.27446299e+00  8.19205471e+00]
 [ 2.73174481e+00  1.40887263e+00  6.62658448e+00]
 [ 3.06387510e+00  1.72239554e-01  4.38713533e+00]
 [ 4.38826459e+00  1.54190029e+00  6.69868894e+00]
 [ 5.47012009e+00  2.52053520e-02  7.07683282e+00]
 [ 5.39265041e-01  7.12777687e-01  6.08862759e+00]
 [ 4.02142655e+00  7.85747485e-01  5.66730701e+00]
 [ 5.42379382e+00  8.66487309e-01  6.09162233e+00]
 [ 1.55954213e+00  2.83464353e-01  5.24078486e+00]
 [ 2.80559573e-01  2.52646498e+00  8.32470591e+00]
 [ 3.31477590e+00  2.09959903e+00  7.78098071e+00]
 [ 4.42809703e+00  1.66533454e-15  6.57697895e+00]
 [ 4.06834128e+00  3.05800227e-01  7.80940251e+00]
 [ 3.53795321e+00  1.88737914e-15  6.13191196e+00]
 [ 4.07950743e+00  1.57272910e+00  7.67115638e+00]]
7
 **********-------------------------------********** 
k值为：46：
 误差为：1021.6672620393726
 聚类标签: [28  4 44 ... 38  4 44]
 簇中心：[[ 2.52575177e+00  7.56890606e-01  6.87782630e+00]
 [ 5.00124130e+00  1.88737914e-15  5.15670285e+00]
 [ 3.01570078e+00  2.53486673e+00  8.89336912e+00]
 [ 4.98252895e+00  1.27381164e+00  7.52824077e+00]
 [ 1.18924074e+00  2.16081027e+00  7.99047795e+00]
 [ 2.90058493e+00  7.70490393e-01  5.81746055e+00]
 [ 5.53337552e+00 -4.44089210e-15  5.93882199e+00]
 [ 3.32558005e+00  1.35722424e+00  7.11173305e+00]
 [ 4.32004246e+00  7.77156117e-16  5.80839644e+00]
 [ 4.47625837e+00  8.24591237e-01  6.35360258e+00]
 [ 5.68545285e+00  3.48315166e-03  5.20159012e+00]
 [ 3.75104213e+00  1.11797932e-02  5.13754007e+00]
 [ 4.69950323e-01  4.02332415e+00  1.11631363e+01]
 [ 2.41135595e+00  1.70062257e+00  7.47096222e+00]
 [ 1.67229497e+00  9.87048055e-01  6.41890496e+00]
 [ 3.53342611e+00  9.25612665e-01  6.45217228e+00]
 [ 2.23440914e+00  3.29029932e+00  1.05747847e+01]
 [ 1.49750057e+00  2.89504487e+00  8.89736456e+00]
 [ 5.17580426e+00  8.05473210e-01  5.37002729e+00]
 [ 2.31049060e-01  1.51300443e+00  7.23683959e+00]
 [ 2.81398311e+00  1.55431223e-15  5.50396247e+00]
 [ 4.24186896e+00  9.40676440e-01  7.03209226e+00]
 [ 4.45458628e+00  2.20243087e+00  8.22131474e+00]
 [ 5.22650762e+00  8.66563000e-01  6.78247571e+00]
 [ 3.24732349e+00  1.42366238e+00  8.21403195e+00]
 [ 1.37538604e+00  1.58771489e+00  7.31500022e+00]
 [ 4.86834829e+00  4.62098120e-02  2.70817290e+00]
 [ 4.18870526e-01  3.34651403e+00  9.35884222e+00]
 [ 4.74394886e+00  1.27927272e+00  9.64919677e+00]
 [ 5.54015617e+00  2.54833522e-02  4.42947076e+00]
 [ 2.31242794e+00  2.27446299e+00  8.19205471e+00]
 [ 2.75201413e+00  1.43055799e+00  6.63549418e+00]
 [ 2.69439588e+00  1.70353583e-01  4.48879012e+00]
 [ 4.40335096e+00  1.54536651e+00  6.65916599e+00]
 [ 5.48113718e+00  2.56721178e-02  7.07838194e+00]
 [ 5.57308500e-01  7.12144444e-01  6.09894220e+00]
 [ 4.02778644e+00  7.81692834e-01  5.67192191e+00]
 [ 5.40786234e+00  8.62487152e-01  6.09913852e+00]
 [ 1.55164210e+00  2.92775326e-01  5.38630189e+00]
 [ 2.80559573e-01  2.52646498e+00  8.32470591e+00]
 [ 3.31477590e+00  2.09959903e+00  7.78098071e+00]
 [ 4.44418130e+00  1.66533454e-15  6.59737165e+00]
 [ 4.06834128e+00  3.05800227e-01  7.80940251e+00]
 [ 3.53337564e+00  1.88737914e-15  6.14147654e+00]
 [ 4.07820804e+00  1.57779755e+00  7.66436182e+00]
 [ 4.17957989e+00  1.10106313e-01  4.50117686e+00]]
7
 **********-------------------------------********** 
k值为：47：
 误差为：1008.2878466092161
 聚类标签: [28 39 44 ... 20  4  7]
 簇中心：[[ 2.50628163e+00  7.51179830e-01  6.86808773e+00]
 [ 5.00124130e+00  1.88737914e-15  5.15670285e+00]
 [ 3.02403716e+00  2.55064158e+00  8.89471610e+00]
 [ 5.00889274e+00  1.24626085e+00  7.52011943e+00]
 [ 1.20126152e+00  2.18523318e+00  7.96501257e+00]
 [ 3.04633928e+00  7.75077995e-01  5.83705579e+00]
 [ 5.53337552e+00 -4.44089210e-15  5.93882199e+00]
 [ 3.34393904e+00  1.36085860e+00  7.15732178e+00]
 [ 4.33001993e+00  2.22044605e-16  5.84616982e+00]
 [ 4.46490731e+00  8.29399533e-01  6.35128202e+00]
 [ 5.68507156e+00  3.55460093e-03  5.20973651e+00]
 [ 3.77690454e+00  1.05823997e-02  5.14160388e+00]
 [ 4.69950323e-01  4.02332415e+00  1.11631363e+01]
 [ 2.40727966e+00  1.70897646e+00  7.46787486e+00]
 [ 1.51791292e+00  1.05557744e+00  6.55234567e+00]
 [ 3.53623469e+00  9.46076208e-01  6.48156045e+00]
 [ 2.23440914e+00  3.29029932e+00  1.05747847e+01]
 [ 1.49750057e+00  2.89504487e+00  8.89736456e+00]
 [ 5.16692600e+00  8.06810425e-01  5.36792172e+00]
 [ 2.21807098e-01  1.50167569e+00  7.23326758e+00]
 [ 2.22861511e+00  9.09451094e-01  5.83315362e+00]
 [ 4.24297817e+00  9.39488953e-01  7.03560881e+00]
 [ 4.45107138e+00  2.20470845e+00  8.23422088e+00]
 [ 5.21980574e+00  8.71539549e-01  6.75604074e+00]
 [ 3.24988842e+00  1.42795615e+00  8.21632717e+00]
 [ 1.38803884e+00  1.61552560e+00  7.35633865e+00]
 [ 4.86834829e+00  4.62098120e-02  2.70817290e+00]
 [ 4.26283409e-01  3.34973625e+00  9.33077547e+00]
 [ 4.74394886e+00  1.27927272e+00  9.64919677e+00]
 [ 5.54483859e+00  2.47552564e-02  4.44018455e+00]
 [ 2.32760235e+00  2.25814723e+00  8.21453574e+00]
 [ 2.79699146e+00  1.41054267e+00  6.68738401e+00]
 [ 2.64749208e+00  1.62043652e-01  4.53218914e+00]
 [ 4.41127945e+00  1.54463006e+00  6.66073850e+00]
 [ 5.48113718e+00  2.56721178e-02  7.07838194e+00]
 [ 5.19977205e-01  7.13454601e-01  6.08043965e+00]
 [ 4.04421774e+00  7.84431359e-01  5.66943269e+00]
 [ 5.41639950e+00  8.54644180e-01  6.08463417e+00]
 [ 1.44899465e+00  2.07944154e-01  5.48234717e+00]
 [ 2.90154634e-01  2.45924359e+00  8.34338045e+00]
 [ 3.31842047e+00  2.10346508e+00  7.77898969e+00]
 [ 4.44626556e+00  1.55431223e-15  6.64238304e+00]
 [ 4.06834128e+00  3.05800227e-01  7.80940251e+00]
 [ 3.53669640e+00  1.77635684e-15  6.14447245e+00]
 [ 4.11210460e+00  1.59081781e+00  7.66568936e+00]
 [ 4.16426307e+00  1.13164821e-01  4.47764062e+00]
 [ 2.82815423e+00  1.55431223e-15  5.51803947e+00]]
7
 **********-------------------------------********** 
k值为：48：
 误差为：985.8581611926943
 聚类标签: [31 33 47 ... 19 33 47]
 簇中心：[[ 5.29483714e+00  8.18338674e-01  5.67053631e+00]
 [ 3.50042849e+00  9.87891544e-01  6.48339311e+00]
 [ 2.51820722e+00  2.81256835e+00  8.93687728e+00]
 [ 3.98603598e+00  1.66355323e-02  5.13467699e+00]
 [ 2.74370759e-01  1.68163696e+00  7.42463056e+00]
 [ 1.41341073e+00  1.51540920e+00  7.25390284e+00]
 [ 4.66141166e+00  2.14008861e+00  8.23066327e+00]
 [ 2.72959452e+00  9.99200722e-16  5.64590450e+00]
 [ 5.64797427e+00  2.22044605e-16  5.36540035e+00]
 [ 1.34691313e+00  2.67324749e+00  8.73407533e+00]
 [ 3.40401199e+00  2.04997347e+00  7.75873462e+00]
 [ 4.37228101e+00  8.01835648e-01  6.49934630e+00]
 [ 1.67435189e+00  9.06619317e-01  6.33290539e+00]
 [ 7.00508620e-01  3.98171006e+00  1.12901075e+01]
 [ 4.19973013e+00  1.88737914e-15  5.84970551e+00]
 [ 2.42269944e+00  1.71416981e+00  7.55488282e+00]
 [ 5.42272306e+00  7.77156117e-16  7.06539791e+00]
 [ 3.29747134e+00  1.29024112e+00  8.31730701e+00]
 [ 5.05104825e+00  1.88737914e-15  5.83844512e+00]
 [ 2.06329517e+00  3.29913183e-01  4.84025545e+00]
 [ 2.93132338e+00  7.89294295e-01  5.85525094e+00]
 [ 4.07375518e+00  8.01387379e-01  5.68774081e+00]
 [ 2.63058198e+00  1.54783109e+00  6.74982798e+00]
 [ 6.15713292e-01  3.41812224e+00  9.50094564e+00]
 [ 4.06976176e+00  1.49313289e-01  4.11247227e+00]
 [ 3.40558503e+00  2.38211164e+00  8.81069298e+00]
 [ 5.28016471e+00  8.84862052e-01  6.50770857e+00]
 [ 3.34186454e+00  1.36330832e+00  7.13346443e+00]
 [ 4.94475167e+00  6.98971947e-02  4.95100240e+00]
 [ 4.94601170e+00  6.93147181e-02  2.44071642e+00]
 [ 4.40276388e+00  1.38321016e+00  6.87026740e+00]
 [ 5.45058693e+00  7.22592939e-01  1.04372939e+01]
 [ 5.65884351e+00  2.88811325e-02  4.80809378e+00]
 [ 1.24153988e+00  2.16753460e+00  7.84930024e+00]
 [ 5.11391920e+00  1.12833599e+00  7.42311061e+00]
 [ 4.06878456e+00  4.62098120e-01  7.54505794e+00]
 [ 2.41641137e+00  2.20432598e+00  8.19821273e+00]
 [ 5.64580613e+00 -1.55431223e-15  5.99440432e+00]
 [ 5.50150924e+00  1.23776282e-02  4.06651158e+00]
 [ 3.13034211e-01  9.09216947e-01  6.43771698e+00]
 [ 2.57191078e+00  8.27703182e-01  6.84970046e+00]
 [ 3.17782797e+00  6.44788075e-02  4.83987026e+00]
 [ 2.53590432e-01  2.64300624e+00  8.46715296e+00]
 [ 3.45536431e+00  1.66533454e-15  6.14729578e+00]
 [ 4.35585479e+00  1.55431223e-15  6.60232658e+00]
 [ 2.32256138e+00  3.23600906e+00  1.04756070e+01]
 [ 1.15456082e+00  3.27353722e-01  5.52505575e+00]
 [ 4.14549082e+00  1.52843973e+00  7.67299124e+00]]7043772e+00]
 [ 5.01510878e+00  1.99840144e-15  5.44829401e+00]
 [ 3.11362021e+00  1.39168439e+00  8.10361872e+00]
 [ 3.04472150e+00  7.79719861e-01  5.85592778e+00]
 [ 2.64732614e+00  1.73806331e+00  7.33366127e+00]
 [ 1.96384528e+00  3.21302800e+00  1.09615661e+01]
 [ 2.31230251e+00  1.38460719e+00  6.50658517e+00]
 [ 5.37367246e+00  4.02220067e-01  7.50732461e+00]
 [ 2.85413545e-01  2.24868523e+00  8.07231544e+00]
 [ 4.22788167e+00  1.48136345e+00  7.98147173e+00]
 [ 5.54224330e+00  1.66533454e-15  6.40318363e+00]
 [ 5.55204027e+00  4.01824452e-02  4.49754404e+00]
 [ 5.09460815e-01  4.96384357e-01  5.79981987e+00]
 [ 3.12277811e+00  1.37720943e+00  6.68227587e+00]
 [ 2.36082608e+00  2.98216046e+00  9.08596156e+00]
 [ 1.39841312e+00  9.73537198e-01  6.42159658e+00]
 [ 3.95379416e+00  1.88737914e-15  5.18375422e+00]
 [ 5.29566062e+00  8.88568704e-01  6.53198577e+00]
 [ 1.33998151e+00  2.13281110e+00  7.75756283e+00]
 [ 5.06125703e+00  3.46573590e-02  2.95997838e+00]
 [ 4.28512334e+00  9.45867692e-01  7.01125146e+00]
 [ 3.44767650e+00  1.55431223e-15  6.20668813e+00]
 [ 1.18941123e+00  2.69421650e+00  8.65321915e+00]
 [ 3.61816237e+00  8.87921627e-01  6.43546065e+00]
 [ 1.81206876e+00  2.90275246e-01  4.95333631e+00]
 [ 4.60422305e+00  2.26642392e+00  8.41103905e+00]
 [ 3.29192018e+00  1.07295824e-01  4.36723284e+00]
 [ 4.59353582e+00  1.44328993e-15  6.40348288e+00]
 [ 3.88653043e+00  1.70522717e+00  7.26882573e+00]
 [ 3.07624279e+00  1.57533450e-02  5.31723989e+00]
 [ 2.53261294e+00  7.41814650e-01  6.87692100e+00]
 [ 3.17805383e-01  4.49131434e+00  1.11635603e+01]
 [ 4.88516987e+00  1.42879351e+00  7.30763876e+00]
 [ 4.18191492e+00  1.11022302e-15  5.85801151e+00]
 [ 5.65230194e+00  7.41333883e-03  5.15639479e+00]
 [ 3.35515778e+00  2.15658500e+00  7.89160795e+00]
 [ 2.77258872e-01  1.40082472e+00  7.09745101e+00]
 [ 4.78328325e+00  9.65831708e-01  9.92927519e+00]
 [ 5.29924164e+00  8.07571272e-01  5.64207681e+00]
 [ 3.36054285e+00  1.14039723e+00  7.23748435e+00]
 [ 4.07415504e+00  7.65509580e-01  5.53935426e+00]
 [ 5.63165102e+00 -1.44328993e-15  5.79690557e+00]
 [ 3.13162342e+00  2.38378786e+00  8.81505593e+00]
 [ 4.51634030e+00  3.85081767e-02  4.60593754e+00]
 [ 2.21017190e+00  3.47508376e-01  5.83528383e+00]
 [ 5.27999021e-01  3.33142120e+00  9.41183799e+00]
 [ 1.54695902e+00  1.45223920e+00  7.36908214e+00]]
7**********-------------------------------**********k值为：50：
 误差为：960.5125123080429
 聚类标签: [33 44 22 ... 12 44  2]
 簇中心：[[ 5.02836772e+00  1.77635684e-15  5.01239823e+00]
 [ 1.37511802e+00  1.59179187e+00  7.29319964e+00]
 [ 3.30249068e+00  1.13065009e+00  7.15601771e+00]
 [ 3.98803140e+00  7.71240725e-01  5.68643338e+00]
 [ 1.22196237e+00  3.06717225e+00  9.03113027e+00]
 [ 5.64730304e+00 -2.10942375e-15  5.97531148e+00]
 [ 4.26903469e+00  1.56405002e+00  6.89977327e+00]
 [ 1.56711471e+00  9.09141619e-01  6.36540772e+00]
 [ 2.32424123e+00  2.25579640e+00  8.23683763e+00]
 [ 5.03905513e+00  1.23355416e+00  7.47879930e+00]
 [ 4.36062226e+00  8.90681464e-01  7.03109853e+00]
 [ 3.33759392e+00  2.16271572e+00  7.92242554e+00]
 [ 2.08134729e+00  3.52272769e-01  4.86597221e+00]
 [ 3.46258018e+00  1.77635684e-15  6.13378438e+00]
 [ 3.12595787e-01  1.73795581e+00  7.50944001e+00]
 [ 5.68365297e+00  3.64814306e-03  5.24044680e+00]
 [ 3.20119704e+00  9.53569233e-01  6.45232782e+00]
 [ 1.57964651e+00  3.57297434e+00  1.13172767e+01]
 [ 3.47952353e+00  1.93560051e-01  3.69127194e+00]
 [ 5.34445643e+00  9.02313387e-01  6.62953619e+00]
 [ 2.20546830e-01  3.69197265e+00  1.00186425e+01]
 [ 2.33783242e+00  1.73576805e+00  7.49064347e+00]
 [ 4.11081148e+00  1.67681982e+00  7.71966422e+00]
 [ 4.35769118e+00  1.44328993e-15  6.86885104e+00]
 [ 3.95800791e+00  1.77635684e-15  5.32970478e+00]
 [ 5.34239159e+00 -3.33066907e-16  3.14197259e+00]
 [ 4.25134202e+00  1.88737914e-15  5.94999264e+00]
 [ 5.52019594e+00  4.07733636e-02  7.07647176e+00]
 [ 2.85413545e-01  9.49413821e-01  6.48349303e+00]
 [ 2.48026192e+00  1.16238614e+00  6.73698054e+00]
 [ 2.46012009e+00  2.92014357e+00  9.28300281e+00]
 [ 2.57158620e+00  4.44089210e-16  5.78559502e+00]
 [ 3.13213087e+00  1.41668718e+00  8.04903410e+00]
 [ 4.84060563e+00  1.00478664e+00  1.00669283e+01]
 [ 2.18888583e-01  2.71729764e+00  8.54184334e+00]
 [ 3.86007769e+00  9.37530974e-01  6.50496290e+00]
 [ 4.10908365e+00  7.25235976e-01  7.97947713e+00]
 [ 4.58643371e+00  9.25245537e-01  6.31617581e+00]
 [ 4.64245687e+00  2.13321008e+00  8.42855683e+00]
 [ 1.15817040e+00  2.81394557e-01  5.45877113e+00]
 [ 3.16029533e+00  5.21723684e-02  4.99243275e+00]
 [ 2.85543262e+00  7.81753968e-01  5.80836436e+00]
 [ 3.22035120e+00  1.77657147e+00  7.12995979e+00]
 [ 4.22370725e+00  5.77927854e-02  4.62938828e+00]
 [ 1.23549460e+00  2.26236845e+00  8.07164914e+00]
 [ 5.59821626e+00  1.12706859e-02  4.51614098e+00]
 [ 5.05748981e+00  1.88737914e-15  5.83109442e+00]
 [ 5.12489410e+00  8.05809895e-01  5.14711822e+00]
 [ 3.23604770e+00  2.43008181e+00  8.81218492e+00]
 [ 5.34549256e+00  7.99204638e-01  5.87819206e+00]]
7**********-------------------------------**********